1 1 1.00009127152
1 2 1.00009127152
1 3 1.00009127152
1 4 1.00009127152
1 5 1.00009127152
1 6 1.00009127152
1 7 1.00009127152
1 8 1.00009127152
1 9 1.00009127152
1 10 1.00009127152
1 11 1.00009127152
1 12 1.00009127152
1 13 1.00009127152
1 14 1.00009127152
1 15 1.00009127152
1 16 1.00009127152
1 17 1.00009127152
1 18 1.00009127152
1 19 1.00009127152
1 20 1.00009127152
1 21 1.00009127152
1 22 1.00009127152
1 23 1.00009127152
1 24 1.00009127152
1 25 0.999999949919
1 26 0.999999949919
1 27 0.999999949919
1 28 0.999999949919
1 29 0.999999949919
1 30 0.999999949919
1 31 0.999999949919
1 32 0.999999949919
1 33 0.999999949919
1 34 0.999999949919
1 35 0.999999949919
1 36 0.999999949919
1 37 0.999999949919
1 38 0.999999949919
1 39 0.999999949919
1 40 0.999999949919
1 41 0.999999949919
1 42 0.999999949919
1 43 0.999999949919
1 44 0.999999949919
1 45 0.999999949919
1 46 0.999999949919
1 47 0.999999949919
1 48 0.999999949919

2 1 1.00008688794
2 2 1.00008688794
2 3 1.00008688794
2 4 1.00008688794
2 5 1.00008688794
2 6 1.00008688794
2 7 1.00008688794
2 8 1.00008688794
2 9 1.00008688794
2 10 1.00008688794
2 11 1.00008688794
2 12 1.00008688794
2 13 1.00008688794
2 14 1.00008688794
2 15 1.00008688794
2 16 1.00008688794
2 17 1.00008688794
2 18 1.00008688794
2 19 1.00008688794
2 20 1.00008688794
2 21 1.00008688794
2 22 1.00008688794
2 23 1.00008688794
2 24 1.00008688794
2 25 0.999978609486
2 26 0.999978609486
2 27 0.999978609486
2 28 0.999978609486
2 29 0.999978609486
2 30 0.999978609486
2 31 0.999978609486
2 32 0.999978609486
2 33 0.999978609486
2 34 0.999978609486
2 35 0.999978609486
2 36 0.999978609486
2 37 0.999978609486
2 38 0.999978609486
2 39 0.999978609486
2 40 0.999978609486
2 41 0.999978609486
2 42 0.999978609486
2 43 0.999978609486
2 44 0.999978609486
2 45 0.999978609486
2 46 0.999978609486
2 47 0.999978609486
2 48 0.999978609486

3 1 1.01256960534
3 2 1.01256960534
3 3 1.01256960534
3 4 1.01256960534
3 5 1.01256960534
3 6 1.01256960534
3 7 1.01256960534
3 8 1.01256960534
3 9 1.01256960534
3 10 1.01256960534
3 11 1.01256960534
3 12 1.01256960534
3 13 1.01256960534
3 14 1.01256960534
3 15 1.01256960534
3 16 1.01256960534
3 17 1.01256960534
3 18 1.01256960534
3 19 1.01256960534
3 20 1.01256960534
3 21 1.01256960534
3 22 1.01256960534
3 23 1.01256960534
3 24 1.01256960534
3 25 1.03739818297
3 26 1.03739818297
3 27 1.03739818297
3 28 1.03739818297
3 29 1.03739818297
3 30 1.03739818297
3 31 1.03739818297
3 32 1.03739818297
3 33 1.03739818297
3 34 1.03739818297
3 35 1.03739818297
3 36 1.03739818297
3 37 1.03739818297
3 38 1.03739818297
3 39 1.03739818297
3 40 1.03739818297
3 41 1.03739818297
3 42 1.03739818297
3 43 1.03739818297
3 44 1.03739818297
3 45 1.03739818297
3 46 1.03739818297
3 47 1.03739818297
3 48 1.03739818297

4 1 1.01588698511
4 2 1.01588698511
4 3 1.01588698511
4 4 1.01588698511
4 5 1.01588698511
4 6 1.01588698511
4 7 1.01588698511
4 8 1.01588698511
4 9 1.01588698511
4 10 1.01588698511
4 11 1.01588698511
4 12 1.01588698511
4 13 1.01588698511
4 14 1.01588698511
4 15 1.01588698511
4 16 1.01588698511
4 17 1.01588698511
4 18 1.01588698511
4 19 1.01588698511
4 20 1.01588698511
4 21 1.01588698511
4 22 1.01588698511
4 23 1.01588698511
4 24 1.01588698511
4 25 1.02830681465
4 26 1.02830681465
4 27 1.02830681465
4 28 1.02830681465
4 29 1.02830681465
4 30 1.02830681465
4 31 1.02830681465
4 32 1.02830681465
4 33 1.02830681465
4 34 1.02830681465
4 35 1.02830681465
4 36 1.02830681465
4 37 1.02830681465
4 38 1.02830681465
4 39 1.02830681465
4 40 1.02830681465
4 41 1.02830681465
4 42 1.02830681465
4 43 1.02830681465
4 44 1.02830681465
4 45 1.02830681465
4 46 1.02830681465
4 47 1.02830681465
4 48 1.02830681465

5 1 1.01250557561
5 2 1.01250557561
5 3 1.01250557561
5 4 1.01250557561
5 5 1.01250557561
5 6 1.01250557561
5 7 1.01250557561
5 8 1.01250557561
5 9 1.01250557561
5 10 1.01250557561
5 11 1.01250557561
5 12 1.01250557561
5 13 1.01250557561
5 14 1.01250557561
5 15 1.01250557561
5 16 1.01250557561
5 17 1.01250557561
5 18 1.01250557561
5 19 1.01250557561
5 20 1.01250557561
5 21 1.01250557561
5 22 1.01250557561
5 23 1.01250557561
5 24 1.01250557561
5 25 1.00974111
5 26 1.00974111
5 27 1.00974111
5 28 1.00974111
5 29 1.00974111
5 30 1.00974111
5 31 1.00974111
5 32 1.00974111
5 33 1.00974111
5 34 1.00974111
5 35 1.00974111
5 36 1.00974111
5 37 1.00974111
5 38 1.00974111
5 39 1.00974111
5 40 1.00974111
5 41 1.00974111
5 42 1.00974111
5 43 1.00974111
5 44 1.00974111
5 45 1.00974111
5 46 1.00974111
5 47 1.00974111
5 48 1.00974111

6 1 1.02435932757
6 2 1.02435932757
6 3 1.02435932757
6 4 1.02435932757
6 5 1.02435932757
6 6 1.02435932757
6 7 1.02435932757
6 8 1.02435932757
6 9 1.02435932757
6 10 1.02435932757
6 11 1.02435932757
6 12 1.02435932757
6 13 1.02435932757
6 14 1.02435932757
6 15 1.02435932757
6 16 1.02435932757
6 17 1.02435932757
6 18 1.02435932757
6 19 1.02435932757
6 20 1.02435932757
6 21 1.02435932757
6 22 1.02435932757
6 23 1.02435932757
6 24 1.02435932757
6 25 1.04275526715
6 26 1.04275526715
6 27 1.04275526715
6 28 1.04275526715
6 29 1.04275526715
6 30 1.04275526715
6 31 1.04275526715
6 32 1.04275526715
6 33 1.04275526715
6 34 1.04275526715
6 35 1.04275526715
6 36 1.04275526715
6 37 1.04275526715
6 38 1.04275526715
6 39 1.04275526715
6 40 1.04275526715
6 41 1.04275526715
6 42 1.04275526715
6 43 1.04275526715
6 44 1.04275526715
6 45 1.04275526715
6 46 1.04275526715
6 47 1.04275526715
6 48 1.04275526715

7 1 1.02457396763
7 2 1.02457396763
7 3 1.02457396763
7 4 1.02457396763
7 5 1.02457396763
7 6 1.02457396763
7 7 1.02457396763
7 8 1.02457396763
7 9 1.02457396763
7 10 1.02457396763
7 11 1.02457396763
7 12 1.02457396763
7 13 1.02457396763
7 14 1.02457396763
7 15 1.02457396763
7 16 1.02457396763
7 17 1.02457396763
7 18 1.02457396763
7 19 1.02457396763
7 20 1.02457396763
7 21 1.02457396763
7 22 1.02457396763
7 23 1.02457396763
7 24 1.02457396763
7 25 1.04275525673
7 26 1.04275525673
7 27 1.04275525673
7 28 1.04275525673
7 29 1.04275525673
7 30 1.04275525673
7 31 1.04275525673
7 32 1.04275525673
7 33 1.04275525673
7 34 1.04275525673
7 35 1.04275525673
7 36 1.04275525673
7 37 1.04275525673
7 38 1.04275525673
7 39 1.04275525673
7 40 1.04275525673
7 41 1.04275525673
7 42 1.04275525673
7 43 1.04275525673
7 44 1.04275525673
7 45 1.04275525673
7 46 1.04275525673
7 47 1.04275525673
7 48 1.04275525673

8 1 1.02435196995
8 2 1.02435196995
8 3 1.02435196995
8 4 1.02435196995
8 5 1.02435196995
8 6 1.02435196995
8 7 1.02435196995
8 8 1.02435196995
8 9 1.02435196995
8 10 1.02435196995
8 11 1.02435196995
8 12 1.02435196995
8 13 1.02435196995
8 14 1.02435196995
8 15 1.02435196995
8 16 1.02435196995
8 17 1.02435196995
8 18 1.02435196995
8 19 1.02435196995
8 20 1.02435196995
8 21 1.02435196995
8 22 1.02435196995
8 23 1.02435196995
8 24 1.02435196995
8 25 1.04275525601
8 26 1.04275525601
8 27 1.04275525601
8 28 1.04275525601
8 29 1.04275525601
8 30 1.04275525601
8 31 1.04275525601
8 32 1.04275525601
8 33 1.04275525601
8 34 1.04275525601
8 35 1.04275525601
8 36 1.04275525601
8 37 1.04275525601
8 38 1.04275525601
8 39 1.04275525601
8 40 1.04275525601
8 41 1.04275525601
8 42 1.04275525601
8 43 1.04275525601
8 44 1.04275525601
8 45 1.04275525601
8 46 1.04275525601
8 47 1.04275525601
8 48 1.04275525601

9 1 1.01376875729
9 2 1.01376875729
9 3 1.01376875729
9 4 1.01376875729
9 5 1.01376875729
9 6 1.01376875729
9 7 1.01376875729
9 8 1.01376875729
9 9 1.01376875729
9 10 1.01376875729
9 11 1.01376875729
9 12 1.01376875729
9 13 1.01376875729
9 14 1.01376875729
9 15 1.01376875729
9 16 1.01376875729
9 17 1.01376875729
9 18 1.01376875729
9 19 1.01376875729
9 20 1.01376875729
9 21 1.01376875729
9 22 1.01376875729
9 23 1.01376875729
9 24 1.01376875729
9 25 1.02102216507
9 26 1.02102216507
9 27 1.02102216507
9 28 1.02102216507
9 29 1.02102216507
9 30 1.02102216507
9 31 1.02102216507
9 32 1.02102216507
9 33 1.02102216507
9 34 1.02102216507
9 35 1.02102216507
9 36 1.02102216507
9 37 1.02102216507
9 38 1.02102216507
9 39 1.02102216507
9 40 1.02102216507
9 41 1.02102216507
9 42 1.02102216507
9 43 1.02102216507
9 44 1.02102216507
9 45 1.02102216507
9 46 1.02102216507
9 47 1.02102216507
9 48 1.02102216507

10 1 1.01298738428
10 2 1.01298738428
10 3 1.01298738428
10 4 1.01298738428
10 5 1.01298738428
10 6 1.01298738428
10 7 1.01298738428
10 8 1.01298738428
10 9 1.01298738428
10 10 1.01298738428
10 11 1.01298738428
10 12 1.01298738428
10 13 1.01298738428
10 14 1.01298738428
10 15 1.01298738428
10 16 1.01298738428
10 17 1.01298738428
10 18 1.01298738428
10 19 1.01298738428
10 20 1.01298738428
10 21 1.01298738428
10 22 1.01298738428
10 23 1.01298738428
10 24 1.01298738428
10 25 1.01930349438
10 26 1.01930349438
10 27 1.01930349438
10 28 1.01930349438
10 29 1.01930349438
10 30 1.01930349438
10 31 1.01930349438
10 32 1.01930349438
10 33 1.01930349438
10 34 1.01930349438
10 35 1.01930349438
10 36 1.01930349438
10 37 1.01930349438
10 38 1.01930349438
10 39 1.01930349438
10 40 1.01930349438
10 41 1.01930349438
10 42 1.01930349438
10 43 1.01930349438
10 44 1.01930349438
10 45 1.01930349438
10 46 1.01930349438
10 47 1.01930349438
10 48 1.01930349438

11 1 1.02435196958
11 2 1.02435196958
11 3 1.02435196958
11 4 1.02435196958
11 5 1.02435196958
11 6 1.02435196958
11 7 1.02435196958
11 8 1.02435196958
11 9 1.02435196958
11 10 1.02435196958
11 11 1.02435196958
11 12 1.02435196958
11 13 1.02435196958
11 14 1.02435196958
11 15 1.02435196958
11 16 1.02435196958
11 17 1.02435196958
11 18 1.02435196958
11 19 1.02435196958
11 20 1.02435196958
11 21 1.02435196958
11 22 1.02435196958
11 23 1.02435196958
11 24 1.02435196958
11 25 1.04275525488
11 26 1.04275525488
11 27 1.04275525488
11 28 1.04275525488
11 29 1.04275525488
11 30 1.04275525488
11 31 1.04275525488
11 32 1.04275525488
11 33 1.04275525488
11 34 1.04275525488
11 35 1.04275525488
11 36 1.04275525488
11 37 1.04275525488
11 38 1.04275525488
11 39 1.04275525488
11 40 1.04275525488
11 41 1.04275525488
11 42 1.04275525488
11 43 1.04275525488
11 44 1.04275525488
11 45 1.04275525488
11 46 1.04275525488
11 47 1.04275525488
11 48 1.04275525488

12 1 1.02623963711
12 2 1.02623963711
12 3 1.02623963711
12 4 1.02623963711
12 5 1.02623963711
12 6 1.02623963711
12 7 1.02623963711
12 8 1.02623963711
12 9 1.02623963711
12 10 1.02623963711
12 11 1.02623963711
12 12 1.02623963711
12 13 1.02623963711
12 14 1.02623963711
12 15 1.02623963711
12 16 1.02623963711
12 17 1.02623963711
12 18 1.02623963711
12 19 1.02623963711
12 20 1.02623963711
12 21 1.02623963711
12 22 1.02623963711
12 23 1.02623963711
12 24 1.02623963711
12 25 1.04510854972
12 26 1.04510854972
12 27 1.04510854972
12 28 1.04510854972
12 29 1.04510854972
12 30 1.04510854972
12 31 1.04510854972
12 32 1.04510854972
12 33 1.04510854972
12 34 1.04510854972
12 35 1.04510854972
12 36 1.04510854972
12 37 1.04510854972
12 38 1.04510854972
12 39 1.04510854972
12 40 1.04510854972
12 41 1.04510854972
12 42 1.04510854972
12 43 1.04510854972
12 44 1.04510854972
12 45 1.04510854972
12 46 1.04510854972
12 47 1.04510854972
12 48 1.04510854972

13 1 1.01868506121
13 2 1.01868506121
13 3 1.01868506121
13 4 1.01868506121
13 5 1.01868506121
13 6 1.01868506121
13 7 1.01868506121
13 8 1.01868506121
13 9 1.01868506121
13 10 1.01868506121
13 11 1.01868506121
13 12 1.01868506121
13 13 1.01868506121
13 14 1.01868506121
13 15 1.01868506121
13 16 1.01868506121
13 17 1.01868506121
13 18 1.01868506121
13 19 1.01868506121
13 20 1.01868506121
13 21 1.01868506121
13 22 1.01868506121
13 23 1.01868506121
13 24 1.01868506121
13 25 1.03356003144
13 26 1.03356003144
13 27 1.03356003144
13 28 1.03356003144
13 29 1.03356003144
13 30 1.03356003144
13 31 1.03356003144
13 32 1.03356003144
13 33 1.03356003144
13 34 1.03356003144
13 35 1.03356003144
13 36 1.03356003144
13 37 1.03356003144
13 38 1.03356003144
13 39 1.03356003144
13 40 1.03356003144
13 41 1.03356003144
13 42 1.03356003144
13 43 1.03356003144
13 44 1.03356003144
13 45 1.03356003144
13 46 1.03356003144
13 47 1.03356003144
13 48 1.03356003144

14 1 1.01623971014
14 2 1.01623971014
14 3 1.01623971014
14 4 1.01623971014
14 5 1.01623971014
14 6 1.01623971014
14 7 1.01623971014
14 8 1.01623971014
14 9 1.01623971014
14 10 1.01623971014
14 11 1.01623971014
14 12 1.01623971014
14 13 1.01623971014
14 14 1.01623971014
14 15 1.01623971014
14 16 1.01623971014
14 17 1.01623971014
14 18 1.01623971014
14 19 1.01623971014
14 20 1.01623971014
14 21 1.01623971014
14 22 1.01623971014
14 23 1.01623971014
14 24 1.01623971014
14 25 1.03023171125
14 26 1.03023171125
14 27 1.03023171125
14 28 1.03023171125
14 29 1.03023171125
14 30 1.03023171125
14 31 1.03023171125
14 32 1.03023171125
14 33 1.03023171125
14 34 1.03023171125
14 35 1.03023171125
14 36 1.03023171125
14 37 1.03023171125
14 38 1.03023171125
14 39 1.03023171125
14 40 1.03023171125
14 41 1.03023171125
14 42 1.03023171125
14 43 1.03023171125
14 44 1.03023171125
14 45 1.03023171125
14 46 1.03023171125
14 47 1.03023171125
14 48 1.03023171125

