1 1 1.00007842642
1 2 1.00007842642
1 3 1.00007842642
1 4 1.00007842642
1 5 1.00007842642
1 6 1.00007842642
1 7 1.00007842642
1 8 1.00007842642
1 9 1.00007842642
1 10 1.00007842642
1 11 1.00007842642
1 12 1.00007842642
1 13 1.00007842642
1 14 1.00007842642
1 15 1.00007842642
1 16 1.00007842642
1 17 1.00007842642
1 18 1.00007842642
1 19 1.00007842642
1 20 1.00007842642
1 21 1.00007842642
1 22 1.00007842642
1 23 1.00007842642
1 24 1.00007842642
1 25 0.999956431724
1 26 0.999956431724
1 27 0.999956431724
1 28 0.999956431724
1 29 0.999956431724
1 30 0.999956431724
1 31 0.999956431724
1 32 0.999956431724
1 33 0.999956431724
1 34 0.999956431724
1 35 0.999956431724
1 36 0.999956431724
1 37 0.999956431724
1 38 0.999956431724
1 39 0.999956431724
1 40 0.999956431724
1 41 0.999956431724
1 42 0.999956431724
1 43 0.999956431724
1 44 0.999956431724
1 45 0.999956431724
1 46 0.999956431724
1 47 0.999956431724
1 48 0.999956431724

2 1 1.00008355916
2 2 1.00008355916
2 3 1.00008355916
2 4 1.00008355916
2 5 1.00008355916
2 6 1.00008355916
2 7 1.00008355916
2 8 1.00008355916
2 9 1.00008355916
2 10 1.00008355916
2 11 1.00008355916
2 12 1.00008355916
2 13 1.00008355916
2 14 1.00008355916
2 15 1.00008355916
2 16 1.00008355916
2 17 1.00008355916
2 18 1.00008355916
2 19 1.00008355916
2 20 1.00008355916
2 21 1.00008355916
2 22 1.00008355916
2 23 1.00008355916
2 24 1.00008355916
2 25 0.999939231915
2 26 0.999939231915
2 27 0.999939231915
2 28 0.999939231915
2 29 0.999939231915
2 30 0.999939231915
2 31 0.999939231915
2 32 0.999939231915
2 33 0.999939231915
2 34 0.999939231915
2 35 0.999939231915
2 36 0.999939231915
2 37 0.999939231915
2 38 0.999939231915
2 39 0.999939231915
2 40 0.999939231915
2 41 0.999939231915
2 42 0.999939231915
2 43 0.999939231915
2 44 0.999939231915
2 45 0.999939231915
2 46 0.999939231915
2 47 0.999939231915
2 48 0.999939231915

3 1 1.01880744443
3 2 1.01880744443
3 3 1.01880744443
3 4 1.01880744443
3 5 1.01880744443
3 6 1.01880744443
3 7 1.01880744443
3 8 1.01880744443
3 9 1.01880744443
3 10 1.01880744443
3 11 1.01880744443
3 12 1.01880744443
3 13 1.01880744443
3 14 1.01880744443
3 15 1.01880744443
3 16 1.01880744443
3 17 1.01880744443
3 18 1.01880744443
3 19 1.01880744443
3 20 1.01880744443
3 21 1.01880744443
3 22 1.01880744443
3 23 1.01880744443
3 24 1.01880744443
3 25 1.05606307934
3 26 1.05606307934
3 27 1.05606307934
3 28 1.05606307934
3 29 1.05606307934
3 30 1.05606307934
3 31 1.05606307934
3 32 1.05606307934
3 33 1.05606307934
3 34 1.05606307934
3 35 1.05606307934
3 36 1.05606307934
3 37 1.05606307934
3 38 1.05606307934
3 39 1.05606307934
3 40 1.05606307934
3 41 1.05606307934
3 42 1.05606307934
3 43 1.05606307934
3 44 1.05606307934
3 45 1.05606307934
3 46 1.05606307934
3 47 1.05606307934
3 48 1.05606307934

4 1 1.00954226682
4 2 1.00954226682
4 3 1.00954226682
4 4 1.00954226682
4 5 1.00954226682
4 6 1.00954226682
4 7 1.00954226682
4 8 1.00954226682
4 9 1.00954226682
4 10 1.00954226682
4 11 1.00954226682
4 12 1.00954226682
4 13 1.00954226682
4 14 1.00954226682
4 15 1.00954226682
4 16 1.00954226682
4 17 1.00954226682
4 18 1.00954226682
4 19 1.00954226682
4 20 1.00954226682
4 21 1.00954226682
4 22 1.00954226682
4 23 1.00954226682
4 24 1.00954226682
4 25 1.00343578169
4 26 1.00343578169
4 27 1.00343578169
4 28 1.00343578169
4 29 1.00343578169
4 30 1.00343578169
4 31 1.00343578169
4 32 1.00343578169
4 33 1.00343578169
4 34 1.00343578169
4 35 1.00343578169
4 36 1.00343578169
4 37 1.00343578169
4 38 1.00343578169
4 39 1.00343578169
4 40 1.00343578169
4 41 1.00343578169
4 42 1.00343578169
4 43 1.00343578169
4 44 1.00343578169
4 45 1.00343578169
4 46 1.00343578169
4 47 1.00343578169
4 48 1.00343578169

5 1 1.0061394865
5 2 1.0061394865
5 3 1.0061394865
5 4 1.0061394865
5 5 1.0061394865
5 6 1.0061394865
5 7 1.0061394865
5 8 1.0061394865
5 9 1.0061394865
5 10 1.0061394865
5 11 1.0061394865
5 12 1.0061394865
5 13 1.0061394865
5 14 1.0061394865
5 15 1.0061394865
5 16 1.0061394865
5 17 1.0061394865
5 18 1.0061394865
5 19 1.0061394865
5 20 1.0061394865
5 21 1.0061394865
5 22 1.0061394865
5 23 1.0061394865
5 24 1.0061394865
5 25 0.984388330986
5 26 0.984388330986
5 27 0.984388330986
5 28 0.984388330986
5 29 0.984388330986
5 30 0.984388330986
5 31 0.984388330986
5 32 0.984388330986
5 33 0.984388330986
5 34 0.984388330986
5 35 0.984388330986
5 36 0.984388330986
5 37 0.984388330986
5 38 0.984388330986
5 39 0.984388330986
5 40 0.984388330986
5 41 0.984388330986
5 42 0.984388330986
5 43 0.984388330986
5 44 0.984388330986
5 45 0.984388330986
5 46 0.984388330986
5 47 0.984388330986
5 48 0.984388330986

6 1 1.00512056016
6 2 1.00512056016
6 3 1.00512056016
6 4 1.00512056016
6 5 1.00512056016
6 6 1.00512056016
6 7 1.00512056016
6 8 1.00512056016
6 9 1.00512056016
6 10 1.00512056016
6 11 1.00512056016
6 12 1.00512056016
6 13 1.00512056016
6 14 1.00512056016
6 15 1.00512056016
6 16 1.00512056016
6 17 1.00512056016
6 18 1.00512056016
6 19 1.00512056016
6 20 1.00512056016
6 21 1.00512056016
6 22 1.00512056016
6 23 1.00512056016
6 24 1.00512056016
6 25 0.968536689845
6 26 0.968536689845
6 27 0.968536689845
6 28 0.968536689845
6 29 0.968536689845
6 30 0.968536689845
6 31 0.968536689845
6 32 0.968536689845
6 33 0.968536689845
6 34 0.968536689845
6 35 0.968536689845
6 36 0.968536689845
6 37 0.968536689845
6 38 0.968536689845
6 39 0.968536689845
6 40 0.968536689845
6 41 0.968536689845
6 42 0.968536689845
6 43 0.968536689845
6 44 0.968536689845
6 45 0.968536689845
6 46 0.968536689845
6 47 0.968536689845
6 48 0.968536689845

7 1 1.00533929893
7 2 1.00533929893
7 3 1.00533929893
7 4 1.00533929893
7 5 1.00533929893
7 6 1.00533929893
7 7 1.00533929893
7 8 1.00533929893
7 9 1.00533929893
7 10 1.00533929893
7 11 1.00533929893
7 12 1.00533929893
7 13 1.00533929893
7 14 1.00533929893
7 15 1.00533929893
7 16 1.00533929893
7 17 1.00533929893
7 18 1.00533929893
7 19 1.00533929893
7 20 1.00533929893
7 21 1.00533929893
7 22 1.00533929893
7 23 1.00533929893
7 24 1.00533929893
7 25 0.96853668016
7 26 0.96853668016
7 27 0.96853668016
7 28 0.96853668016
7 29 0.96853668016
7 30 0.96853668016
7 31 0.96853668016
7 32 0.96853668016
7 33 0.96853668016
7 34 0.96853668016
7 35 0.96853668016
7 36 0.96853668016
7 37 0.96853668016
7 38 0.96853668016
7 39 0.96853668016
7 40 0.96853668016
7 41 0.96853668016
7 42 0.96853668016
7 43 0.96853668016
7 44 0.96853668016
7 45 0.96853668016
7 46 0.96853668016
7 47 0.96853668016
7 48 0.96853668016

8 1 1.00509612585
8 2 1.00509612585
8 3 1.00509612585
8 4 1.00509612585
8 5 1.00509612585
8 6 1.00509612585
8 7 1.00509612585
8 8 1.00509612585
8 9 1.00509612585
8 10 1.00509612585
8 11 1.00509612585
8 12 1.00509612585
8 13 1.00509612585
8 14 1.00509612585
8 15 1.00509612585
8 16 1.00509612585
8 17 1.00509612585
8 18 1.00509612585
8 19 1.00509612585
8 20 1.00509612585
8 21 1.00509612585
8 22 1.00509612585
8 23 1.00509612585
8 24 1.00509612585
8 25 0.968536679164
8 26 0.968536679164
8 27 0.968536679164
8 28 0.968536679164
8 29 0.968536679164
8 30 0.968536679164
8 31 0.968536679164
8 32 0.968536679164
8 33 0.968536679164
8 34 0.968536679164
8 35 0.968536679164
8 36 0.968536679164
8 37 0.968536679164
8 38 0.968536679164
8 39 0.968536679164
8 40 0.968536679164
8 41 0.968536679164
8 42 0.968536679164
8 43 0.968536679164
8 44 0.968536679164
8 45 0.968536679164
8 46 0.968536679164
8 47 0.968536679164
8 48 0.968536679164

9 1 1.00873321896
9 2 1.00873321896
9 3 1.00873321896
9 4 1.00873321896
9 5 1.00873321896
9 6 1.00873321896
9 7 1.00873321896
9 8 1.00873321896
9 9 1.00873321896
9 10 1.00873321896
9 11 1.00873321896
9 12 1.00873321896
9 13 1.00873321896
9 14 1.00873321896
9 15 1.00873321896
9 16 1.00873321896
9 17 1.00873321896
9 18 1.00873321896
9 19 1.00873321896
9 20 1.00873321896
9 21 1.00873321896
9 22 1.00873321896
9 23 1.00873321896
9 24 1.00873321896
9 25 1.00415411075
9 26 1.00415411075
9 27 1.00415411075
9 28 1.00415411075
9 29 1.00415411075
9 30 1.00415411075
9 31 1.00415411075
9 32 1.00415411075
9 33 1.00415411075
9 34 1.00415411075
9 35 1.00415411075
9 36 1.00415411075
9 37 1.00415411075
9 38 1.00415411075
9 39 1.00415411075
9 40 1.00415411075
9 41 1.00415411075
9 42 1.00415411075
9 43 1.00415411075
9 44 1.00415411075
9 45 1.00415411075
9 46 1.00415411075
9 47 1.00415411075
9 48 1.00415411075

10 1 1.00780238219
10 2 1.00780238219
10 3 1.00780238219
10 4 1.00780238219
10 5 1.00780238219
10 6 1.00780238219
10 7 1.00780238219
10 8 1.00780238219
10 9 1.00780238219
10 10 1.00780238219
10 11 1.00780238219
10 12 1.00780238219
10 13 1.00780238219
10 14 1.00780238219
10 15 1.00780238219
10 16 1.00780238219
10 17 1.00780238219
10 18 1.00780238219
10 19 1.00780238219
10 20 1.00780238219
10 21 1.00780238219
10 22 1.00780238219
10 23 1.00780238219
10 24 1.00780238219
10 25 1.00211633666
10 26 1.00211633666
10 27 1.00211633666
10 28 1.00211633666
10 29 1.00211633666
10 30 1.00211633666
10 31 1.00211633666
10 32 1.00211633666
10 33 1.00211633666
10 34 1.00211633666
10 35 1.00211633666
10 36 1.00211633666
10 37 1.00211633666
10 38 1.00211633666
10 39 1.00211633666
10 40 1.00211633666
10 41 1.00211633666
10 42 1.00211633666
10 43 1.00211633666
10 44 1.00211633666
10 45 1.00211633666
10 46 1.00211633666
10 47 1.00211633666
10 48 1.00211633666

11 1 1.00509612315
11 2 1.00509612315
11 3 1.00509612315
11 4 1.00509612315
11 5 1.00509612315
11 6 1.00509612315
11 7 1.00509612315
11 8 1.00509612315
11 9 1.00509612315
11 10 1.00509612315
11 11 1.00509612315
11 12 1.00509612315
11 13 1.00509612315
11 14 1.00509612315
11 15 1.00509612315
11 16 1.00509612315
11 17 1.00509612315
11 18 1.00509612315
11 19 1.00509612315
11 20 1.00509612315
11 21 1.00509612315
11 22 1.00509612315
11 23 1.00509612315
11 24 1.00509612315
11 25 0.968536671737
11 26 0.968536671737
11 27 0.968536671737
11 28 0.968536671737
11 29 0.968536671737
11 30 0.968536671737
11 31 0.968536671737
11 32 0.968536671737
11 33 0.968536671737
11 34 0.968536671737
11 35 0.968536671737
11 36 0.968536671737
11 37 0.968536671737
11 38 0.968536671737
11 39 0.968536671737
11 40 0.968536671737
11 41 0.968536671737
11 42 0.968536671737
11 43 0.968536671737
11 44 0.968536671737
11 45 0.968536671737
11 46 0.968536671737
11 47 0.968536671737
11 48 0.968536671737

12 1 1.00515156076
12 2 1.00515156076
12 3 1.00515156076
12 4 1.00515156076
12 5 1.00515156076
12 6 1.00515156076
12 7 1.00515156076
12 8 1.00515156076
12 9 1.00515156076
12 10 1.00515156076
12 11 1.00515156076
12 12 1.00515156076
12 13 1.00515156076
12 14 1.00515156076
12 15 1.00515156076
12 16 1.00515156076
12 17 1.00515156076
12 18 1.00515156076
12 19 1.00515156076
12 20 1.00515156076
12 21 1.00515156076
12 22 1.00515156076
12 23 1.00515156076
12 24 1.00515156076
12 25 0.96662107383
12 26 0.96662107383
12 27 0.96662107383
12 28 0.96662107383
12 29 0.96662107383
12 30 0.96662107383
12 31 0.96662107383
12 32 0.96662107383
12 33 0.96662107383
12 34 0.96662107383
12 35 0.96662107383
12 36 0.96662107383
12 37 0.96662107383
12 38 0.96662107383
12 39 0.96662107383
12 40 0.96662107383
12 41 0.96662107383
12 42 0.96662107383
12 43 0.96662107383
12 44 0.96662107383
12 45 0.96662107383
12 46 0.96662107383
12 47 0.96662107383
12 48 0.96662107383

13 1 1.00656060063
13 2 1.00656060063
13 3 1.00656060063
13 4 1.00656060063
13 5 1.00656060063
13 6 1.00656060063
13 7 1.00656060063
13 8 1.00656060063
13 9 1.00656060063
13 10 1.00656060063
13 11 1.00656060063
13 12 1.00656060063
13 13 1.00656060063
13 14 1.00656060063
13 15 1.00656060063
13 16 1.00656060063
13 17 1.00656060063
13 18 1.00656060063
13 19 1.00656060063
13 20 1.00656060063
13 21 1.00656060063
13 22 1.00656060063
13 23 1.00656060063
13 24 1.00656060063
13 25 0.964502872272
13 26 0.964502872272
13 27 0.964502872272
13 28 0.964502872272
13 29 0.964502872272
13 30 0.964502872272
13 31 0.964502872272
13 32 0.964502872272
13 33 0.964502872272
13 34 0.964502872272
13 35 0.964502872272
13 36 0.964502872272
13 37 0.964502872272
13 38 0.964502872272
13 39 0.964502872272
13 40 0.964502872272
13 41 0.964502872272
13 42 0.964502872272
13 43 0.964502872272
13 44 0.964502872272
13 45 0.964502872272
13 46 0.964502872272
13 47 0.964502872272
13 48 0.964502872272

14 1 1.00818917649
14 2 1.00818917649
14 3 1.00818917649
14 4 1.00818917649
14 5 1.00818917649
14 6 1.00818917649
14 7 1.00818917649
14 8 1.00818917649
14 9 1.00818917649
14 10 1.00818917649
14 11 1.00818917649
14 12 1.00818917649
14 13 1.00818917649
14 14 1.00818917649
14 15 1.00818917649
14 16 1.00818917649
14 17 1.00818917649
14 18 1.00818917649
14 19 1.00818917649
14 20 1.00818917649
14 21 1.00818917649
14 22 1.00818917649
14 23 1.00818917649
14 24 1.00818917649
14 25 0.992235845662
14 26 0.992235845662
14 27 0.992235845662
14 28 0.992235845662
14 29 0.992235845662
14 30 0.992235845662
14 31 0.992235845662
14 32 0.992235845662
14 33 0.992235845662
14 34 0.992235845662
14 35 0.992235845662
14 36 0.992235845662
14 37 0.992235845662
14 38 0.992235845662
14 39 0.992235845662
14 40 0.992235845662
14 41 0.992235845662
14 42 0.992235845662
14 43 0.992235845662
14 44 0.992235845662
14 45 0.992235845662
14 46 0.992235845662
14 47 0.992235845662
14 48 0.992235845662

15 1 1.01001378475
15 2 1.01001378475
15 3 1.01001378475
15 4 1.01001378475
15 5 1.01001378475
15 6 1.01001378475
15 7 1.01001378475
15 8 1.01001378475
15 9 1.01001378475
15 10 1.01001378475
15 11 1.01001378475
15 12 1.01001378475
15 13 1.01001378475
15 14 1.01001378475
15 15 1.01001378475
15 16 1.01001378475
15 17 1.01001378475
15 18 1.01001378475
15 19 1.01001378475
15 20 1.01001378475
15 21 1.01001378475
15 22 1.01001378475
15 23 1.01001378475
15 24 1.01001378475
15 25 1.00607655305
15 26 1.00607655305
15 27 1.00607655305
15 28 1.00607655305
15 29 1.00607655305
15 30 1.00607655305
15 31 1.00607655305
15 32 1.00607655305
15 33 1.00607655305
15 34 1.00607655305
15 35 1.00607655305
15 36 1.00607655305
15 37 1.00607655305
15 38 1.00607655305
15 39 1.00607655305
15 40 1.00607655305
15 41 1.00607655305
15 42 1.00607655305
15 43 1.00607655305
15 44 1.00607655305
15 45 1.00607655305
15 46 1.00607655305
15 47 1.00607655305
15 48 1.00607655305

16 1 1.0058253053
16 2 1.0058253053
16 3 1.0058253053
16 4 1.0058253053
16 5 1.0058253053
16 6 1.0058253053
16 7 1.0058253053
16 8 1.0058253053
16 9 1.0058253053
16 10 1.0058253053
16 11 1.0058253053
16 12 1.0058253053
16 13 1.0058253053
16 14 1.0058253053
16 15 1.0058253053
16 16 1.0058253053
16 17 1.0058253053
16 18 1.0058253053
16 19 1.0058253053
16 20 1.0058253053
16 21 1.0058253053
16 22 1.0058253053
16 23 1.0058253053
16 24 1.0058253053
16 25 0.966512812404
16 26 0.966512812404
16 27 0.966512812404
16 28 0.966512812404
16 29 0.966512812404
16 30 0.966512812404
16 31 0.966512812404
16 32 0.966512812404
16 33 0.966512812404
16 34 0.966512812404
16 35 0.966512812404
16 36 0.966512812404
16 37 0.966512812404
16 38 0.966512812404
16 39 0.966512812404
16 40 0.966512812404
16 41 0.966512812404
16 42 0.966512812404
16 43 0.966512812404
16 44 0.966512812404
16 45 0.966512812404
16 46 0.966512812404
16 47 0.966512812404
16 48 0.966512812404

