1 1 1.00010577903
1 2 1.00010792729
1 3 1.00011053683
1 4 1.00011222514
1 5 1.00011362082
1 6 1.00011214618
1 7 1.0001074416
1 8 1.00010251135
1 9 1.00009785106
1 10 1.00009191848
1 11 1.00009564709
1 12 1.00008698315
1 13 1.00008567783
1 14 1.00008320858
1 15 1.00008127462
1 16 1.00006878912
1 17 1.00006962089
1 18 1.00004622375
1 19 0.999998253388
1 20 0.999999949919
1 21 1.00003555028
1 22 1.00004559685
1 23 1.00006232659
1 24 1.00009115406

2 1 1.00010367909
2 2 1.00010628473
2 3 1.00010941942
2 4 1.00011146904
2 5 1.00011324144
2 6 1.00011139667
2 7 1.00010609318
2 8 1.00010037432
2 9 1.00009563953
2 10 1.00008765224
2 11 1.00009218158
2 12 1.00008177898
2 13 1.00008067636
2 14 1.00007715522
2 15 1.00007501457
2 16 1.00005967326
2 17 1.00006036292
2 18 1.00003191139
2 19 0.999976508008
2 20 0.999978609486
2 21 1.00002128324
2 22 1.00003221925
2 23 1.00005219073
2 24 1.00008783461

3 1 1.01259489959
3 2 1.01259900426
3 3 1.01260387944
3 4 1.01260713161
3 5 1.01261002269
3 6 1.0126070015
3 7 1.01259908528
3 8 1.01259064112
3 9 1.01258453285
3 10 1.01257130057
3 11 1.01257861776
3 12 1.01256245755
3 13 1.01256116715
3 14 1.01880484132
3 15 1.01880178684
3 16 1.01877719265
3 17 1.01877769534
3 18 1.02498152536
3 19 1.03739494549
3 20 1.03739818297
3 21 1.03746726628
3 22 1.03748351747
3 23 1.03126528016
3 24 1.02507253403

4 1 1.01534921603
4 2 1.0156194088
4 3 1.01570894495
4 4 1.01602096412
4 5 1.01643466201
4 6 1.0158033661
4 7 1.01621766822
4 8 1.01656911872
4 9 1.01880648633
4 10 1.01596247105
4 11 1.0164941095
4 12 1.01526123971
4 13 1.01607354661
4 14 1.02011715069
4 15 1.02131882025
4 16 1.01884455364
4 17 1.01784532883
4 18 1.01733310284
4 19 1.02818711661
4 20 1.02830681465
4 21 1.03742688995
4 22 1.03599011032
4 23 1.03123753098
4 24 1.0307490463

5 1 1.01323806837
5 2 1.01365583075
5 3 1.01361539082
5 4 1.01425333916
5 5 1.01479295704
5 6 1.01334175107
5 7 1.01341438793
5 8 1.01370397313
5 9 1.01594215862
5 10 1.01258131593
5 11 1.01302514448
5 12 1.01018401068
5 13 1.01041868173
5 14 1.0146017094
5 15 1.01686818012
5 16 1.01239429045
5 17 1.01065093455
5 18 1.00282319654
5 19 1.00961148065
5 20 1.00974111
5 21 1.02854077024
5 22 1.02758042966
5 23 1.02424296666
5 24 1.026900288

6 1 1.02130094305
6 2 1.02160324272
6 3 1.02182043375
6 4 1.02205447632
6 5 1.02268431854
6 6 1.02225117204
6 7 1.02367825313
6 8 1.02455070821
6 9 1.02944753009
6 10 1.02452970166
6 11 1.02525124232
6 12 1.02468089447
6 13 1.02687893538
6 14 1.02904584605
6 15 1.03042193079
6 16 1.02766250216
6 17 1.02603713511
6 18 1.02674292974
6 19 1.04202878877
6 20 1.04275526715
6 21 1.04946900399
6 22 1.04543126604
6 23 1.04047159577
6 24 1.04194779655

7 1 1.02130093284
7 2 1.02160323251
7 3 1.02182042353
7 4 1.0220544661
7 5 1.02268430831
7 6 1.02225116182
7 7 1.02372926115
7 8 1.02488838281
7 9 1.03027246667
7 10 1.02568477847
7 11 1.0266857042
7 12 1.0262359037
7 13 1.028393149
7 14 1.03027317335
7 15 1.0314670827
7 16 1.02818999196
7 17 1.02619399645
7 18 1.02674291947
7 19 1.04202877835
7 20 1.04275525673
7 21 1.0494689935
7 22 1.04543125559
7 23 1.04047158536
7 24 1.04194778613

8 1 1.02130093218
8 2 1.02160323185
8 3 1.02182042287
8 4 1.02205446544
8 5 1.02268430765
8 6 1.02225116116
8 7 1.0236764531
8 8 1.02453857217
8 9 1.02941987211
8 10 1.02449060301
8 11 1.02520284093
8 12 1.02462729305
8 13 1.02682771946
8 14 1.02900410774
8 15 1.03038751312
8 16 1.02764460186
8 17 1.02603174835
8 18 1.02674291878
8 19 1.04202877764
8 20 1.04275525601
8 21 1.04946899279
8 22 1.04543125489
8 23 1.04047158468
8 24 1.04194778545

9 1 1.01409954072
9 2 1.01444835276
9 3 1.01457521549
9 4 1.01499011726
9 5 1.01544242567
9 6 1.01463537744
9 7 1.01475633048
9 8 1.01492568904
9 9 1.01672154118
9 10 1.01384420668
9 11 1.01448960598
9 12 1.01272712967
9 13 1.01328988695
9 14 1.01741676155
9 15 1.01870398441
9 16 1.01568364507
9 17 1.01471296145
9 18 1.01241701795
9 19 1.02101049112
9 20 1.02102216507
9 21 1.03275369355
9 22 1.03194840752
9 23 1.02781267075
9 24 1.0282786608

10 1 1.01365561238
10 2 1.01403021281
10 3 1.01419815438
10 4 1.01462765472
10 5 1.0150849221
10 6 1.01429083589
10 7 1.01428542814
10 8 1.01435407134
10 9 1.01588577033
10 10 1.01306274203
10 11 1.01378883983
10 12 1.01193909479
10 13 1.01243535925
10 14 1.01659317943
10 15 1.01777932095
10 16 1.01471744977
10 17 1.013869664
10 18 1.01154121873
10 19 1.01935809974
10 20 1.01930349438
10 21 1.03123387923
10 22 1.03073663171
10 23 1.02676685438
10 24 1.02735403163

11 1 1.02130093194
11 2 1.02160323163
11 3 1.02182042267
11 4 1.02205446526
11 5 1.0226843075
11 6 1.02225116101
11 7 1.02367645289
11 8 1.02453857198
11 9 1.02941987186
11 10 1.02449060264
11 11 1.02520284072
11 12 1.0246272928
11 13 1.02682771926
11 14 1.02900410728
11 15 1.03038751269
11 16 1.02764460142
11 17 1.02603174803
11 18 1.02674291827
11 19 1.04202877672
11 20 1.04275525488
11 21 1.04946899229
11 22 1.04543125454
11 23 1.04047158431
11 24 1.0419477852

12 1 1.0228652883
12 2 1.02315861185
12 3 1.02334097224
12 4 1.02357223504
12 5 1.02422596331
12 6 1.02377931527
12 7 1.0253254741
12 8 1.02635247607
12 9 1.03151356039
12 10 1.02637796772
12 11 1.02716365575
12 12 1.02666569436
12 13 1.0290060783
12 14 1.03086895542
12 15 1.03239994163
12 16 1.02972116984
12 17 1.02807846137
12 18 1.02862969332
12 19 1.04453345916
12 20 1.04510854972
12 21 1.05218926319
12 22 1.04790636083
12 23 1.04272285423
12 24 1.04415289181

13 1 1.01730870608
13 2 1.01759640413
13 3 1.01774980935
13 4 1.01802587267
13 5 1.01852221093
13 6 1.01801061357
13 7 1.01875248028
13 8 1.01929157675
13 9 1.02237239683
13 10 1.01878244282
13 11 1.01948994686
13 12 1.01854833004
13 13 1.01988967252
13 14 1.02313451391
13 15 1.02434408904
13 16 1.02190066569
13 17 1.02082439685
13 18 1.02105978922
13 19 1.03337880479
13 20 1.03356003144
13 21 1.04167132489
13 22 1.03943489739
13 23 1.03451889224
13 24 1.03457216762

14 1 1.01556913448
14 2 1.01582399769
14 3 1.01592713234
14 4 1.01620523229
14 5 1.0166058123
14 6 1.01605991627
14 7 1.01650954608
14 8 1.01686840349
14 9 1.01910522165
14 10 1.01631522525
14 11 1.01685602049
14 12 1.01579237862
14 13 1.01666459789
14 14 1.02069189128
14 15 1.02178239176
14 16 1.01951794522
14 17 1.01859640903
14 18 1.01884249653
14 19 1.03011183399
14 20 1.03023171125
14 21 1.03834891486
14 22 1.03686462722
14 23 1.03196678036
14 24 1.03114994704

